581
452
818
385
66
665
342
917
329
964
190
440
637
900
651
989
702
791
111
69
406
71
363
482
429
27
533
258
443
881
28
863
522
600
917
698
507
865
81
93
172
434
636
332
865
834
599
172
523
362
855
664
560
267
18
596
634
77
630
109
566
825
232
318
727
768
884
674
97
416
229
682
895
16
416
952
16
661
358
824
346
171
170
286
553
761
959
718
121
927
646
59
190
382
452
898
420
715
324
142
747
819
967
222
895
590
842
538
121
397
396
787
65
541
837
665
288
107
809
946
470
35
274
703
769
723
128
692
214
430
945
282
506
972
241
649
527
932
295
132
629
77
540
690
765
560
962
270
394
528
700
782
329
426
75
848
811
347
462
723
844
86
505
787
52
63
308
55
780
461
164
747
280
766
727
14
302
171
773
115
48
575
345
47
878
286
983
430
51
354
355
843
138
995
224
863
399
586
677
454
527
795
829
185
913
370
972
468
244
368
699
125
869
685
160
327
409
541
432
258
325
203
698
213
673
258
490
305
655
772
229
504
160
759
774
848
78
156
940
790
47
356
169
861
736
494
658
147
191
414
526
376
949
668
295
850
238
378
275
183
995
280
195
703
919
628
467
598
585
674
180
275
527
380
453
474
14
761
324
673
19
234
499
303
331
640
471
497
513
380
746
519
384
551
493
275
34
524
180
440
861
184
886
58
584
922
38
672
71
490
630
134
110
49
581
796
275
768
309
22
102
953
845
219
764
545
971
937
552
306
631
356
329
284
745
786
784
923
671
181
614
551
453
401
328
844
167
397
968
738
618
91
464
75
336
928
509
792
232
468
18
577
602
222
92
609
197
973
56
711
31
454
674
413
625
104
755
495
555
209
598
459
677
46
172
179
858
67
963
203
127
734
491
201
320
884
277
514
282
85
582
991
312
31
772
404
743
182
872
490
415
528
111
663
763
80
748
610
615
871
855
387
308
452
680
745
404
714
823
208
126
615
828
608
439
949
728
95
491
250
99
782
144
689
144
725
415
177
408
188
438
572
143
599
844
443
335
350
487
451
738
709
876
949
979
475
594
282
463
104
316
458
231
837
712
547
160
539
303
511
566
556
154
517
418
195
661
129
735
710
824
828
602
869
280
489
50
492
978
987
481
574
195
474
977
686
765
713
201
736
53
117
818
907
675
291
859
960
313
969
56
139
592
794
375
124
248
161
215
651
394
394
468
811
842
928
97
175
720
648
432
183
326
92
166
953
214
303
518
126
686
915
957
58
863
62
285
430
166
714
43
75
537
367
801
63
604
847
924
943
736
690
582
861
913
816
260
181
964
618
374
120
253
276
43
543
417
585
901
790
192
930
555
158
163
68
890
664
874
812
508
86
144
53
127
643
648
618
387
876
820
615
564
841
794
198
565
749
118
265
60
793
502
245
187
277
860
742
159
656
141
952
331
335
977
354
935
978
772
685
354
264
254
381
877
792
179
341
656
980
683
254
976
504
991
702
563
627
318
218
336
735
639
585
110
795
175
502
313
837
671
865
527
654
781
234
129
857
945
75
510
535
847
829
799
831
624
618
50
760
773
313
421
652
932
148
789
718
278
652
356
570
476
428
829
115
939
816
863
288
363
853
565
344
760
639
686
314
227
665
916
219
457
514
745
212
329
94
462
618
328
144
29
811
584
899
994
691
551
936
989
123
294
190
607
970
464
318
474
732
826
686
947
133
856
496
213
754
379
399
392
690
664
280
897
245
214
391
324
525
316
325
807
845
575
153
805
714
450
371
907
243
933
21
975
329
153
342
54
330
296
420
130
155
219
947
890
367
440
233
996
173
119
136
861
706
564
543
631
850
457
667
743
241
730
921
969
644
452
864
103
350
376
587
977
50
841
345
56
224
478
921
28
462
587
300
676
918
920
773
666
114
130
721
640
411
772
475
892
172
617
34
331
49
660
114
368
803
17
900
705
471
592
585
590
788
593
818
732
164
777
712
380
449
479
75
208
705
398
594
769
116
800
734
255
242
491
55
212
984
397
566
109
879
251
922
273
517
563
721
225
470
406
273
294
630
276
238
816
219
486
927
167
454
900
886
529
709
509
273
87
838
35
236
881
68
780
847
964
872
271
983
144
815
121
158
121
964
795
376
230
580
644
760
620
381
695
385
998
67
135
207
264
319
481
430
33
521
37
156
651
221
615
42
373
881
753
727
875
617
705
888
926
212
673
609
645
529
685
11
348
651
753
632
844
476
841
516
222
34
322
831
815
78
555
735
359
509
617
575
149
125
723
434
556
671
340
503
954
511
628
895
142
884
476
625
375
87
620
809
732
206
53
42
471
289
56
454
667
303
729
214
681
979
485
910
106
305
595
926
900
704
295
25
187
612
165
685
754
557
252
491
684
923
200
852
342
754
544
706
692
50
752
252
204
836
266
398
682
103
356
521
232
735
209
98
561
167
292
122
338
520
978
92
661
926
397
638
219
253
618
224
90
473
844
133
769
61
111
845
677
294
241
200
702
21
504
187
316
389
186
722
564
968
34
447
956
951
50
828
503
261
77
671
408
225
501
453
813
164
617
434
118
933
938
61
54
783
368
349
309
32
780
766
324
367
118
75
406
276
708
541
371
11
39
288
183
292
336
400
616
479
572
47
390
578
473
934
799
486
965
558
120
800
822
368
612
54
648
310
113
908
245
364
274
294
420
260
575
93
816
215
813
498
880
586
426
100
424
757
235
610
601
840
199
659
594
767
969
476
919
365
890
421
29
992
189
105
989
364
490
48
161
461
851
987
919
31
833
341
959
646
516
681
175
271
687
397
565
123
42
760
312
385
720
59
59
255
460
640
496
526
709
960
69
46
686
819
555
979
816
964
932
512
349
186
342
254
431
864
724
69
666
241
116
256
536
907
468
13
741
809
243
577
959
687
25
605
425
108
198
36
283
921
312
528
281
400
514
675
53
519
418
822
311
65
511
513
379
933
481
100
139
431
267
429
270
801
67
200
96
800
304
493
384
615
88
382
510
348
784
805
212
408
680
627
34
591
422
850
277
68
247
654
415
521
925
551
204
67
452
196
349
884
730
55
422
497
720
423
327
299
221
49
803
637
728
26
81
568
482
309
978
116
531
133
332
638
969
319
413
55
798
972
510
736
265
635
354
83
222
755
277
344
792
864
796
821
84
969
870
745
23
750
731
355
767
720
212
828
928
813
609
358
956
533
690
246
780
545
917
293
988
155
787
765
696
539
173
328
844
30
735
199
268
49
341
909
171
236
430
893
268
634
342
940
470
241
325
196
171
597
120
903
204
451
803
852
870
565
25
303
830
263
584
176
218
532
237
801
878
809
160
209
923
127
657
944
262
308
931
136
352
674
370
571
312
364
911
524
168
70
362
626
720
555
865
787
275
658
116
555
44
780
535
969
158
751
928
144
276
769
297
605
425
49
249
190
515
35
367
508
883
228
873
590
841
480
761
533
362
646
144
127
949
407
554
711
878
352
200
436
922
665
207
501
423
287
545
397
849
907
303
382
262
965
898
929
871
30
489
440
986
761
993
497
434
14
280
783
574
990
216
415
354
94
714
778
477
485
891
761
996
860
597
159
534
588
975
946
834
755
358
698
551
467
273
970
880
280
43
112
575
237
541
610
965
613
407
30
452
320
500
78
949
499
801
887
145
195
422
104
897
616
919
854
861
96
218
47
226
559
647
46
131
545
691
168
310
871
959
880
596
232
62
922
734
817
601
879
951
368
509
403
923
803
423
612
492
856
385
749
432
585
876
304
416
820
928
288
376
251
904
295
655
573
95
477
207
831
739
461
30
158
828
510
972
532
930
814
44
423
705
509
446
687
901
12
816
589
950
187
923
521
809
361
455
972
864
256
646
863
764
408
934
499
531
80
548
440
204
425
25
837
648
487
977
723
139
340
943
770
830
266
366
798
514
462
791
325
885
639
470
731
579
638
499
145
867
484
564
732
559
845
765
421
362
436
284
935
699
450
92
547
253
66
998
695
198
781
937
215
297
213
219
307
176
346
143
689
615
94
54
228
150
567
230
23
554
43
208
426
125
648
408
616
889
319
883
204
356
232
754
455
900
618
110
430
504
259
815
136
224
594
655
954
461
915
582
943
37
994
728
655
841
727
893
137
934
481
580
59
874
881
136
682
296
192
327
893
775
35
887
66
775
788
202
558
631
82
549
85
803
148
261
456
713
143
207
932
972
723
105
133
935
722
640
905
952
113
899
911
763
482
113
121
697
313
337
306
165
334
661
337
893
370
192
895
997
888
743
547
667
642
148
92
296
736
335
586
244
417
81
66
987
936
324
811
164
508
497
79
463
676
854
874
412
959
282
38
433
614
522
315
693
669
419
351
951
455
210
783
917
422
69
108
621
393
225
99
201
403
369
896
972
441
871
298
117
587
341
567
146
593
502
963
848
400
467
143
985
490
944
379
941
366
374
365
254
856
189
327
30
291
438
804
332
866
591
515
49
906
617
349
685
590
371
369
932
70
693
239
192
195
161
525
538
769
403
378
228
274
253
850
784
565
619
188
348
824
196
133
99
157
590
470
597
575
637
886
347
15
292
133
397
512
835
806
964
820
868
169
642
991
52
954
17
250
15
71
941
687
201
286
861
216
106
37
311
249
909
975
389
521
397
812
528
474
491
528
850
542
84
945
108
82
910
720
150
522
159
660
842
304
946
85
362
41
968
916
944
760
358
426
130
342
498
925
528
24
869
80
309
815
15
698
350
459
394
430
427
507
529
816
949
422
253
86
751
135
627
575
94
691
345
412
261
172
260
282
485
351
84
411
182
989
668
697
896
150
534
312
652
365
756
728
833
316
904
445
258
230
22
426
22
722
386
735
171
693
920
933
294
686
103
88
734
249
261
32
84
950
693
697
892
601
362
654
402
272
79
371
835
479
158
30
978
742
325
955
798
997
353
728
87
41
415
961
132
28
494
426
470
73
380
267
420
933
809
724
681
614
61
435
348
109
854
459
531
510
858
118
422
883
63
503
693
124
125
378
209
708
125
979
298
985
509
331
553
347
539
48
837
807
111
630
261
67
542
678
797
640
471
322
777
564
288
276
291
608
609
814
133
433
964
784
615
827
984
316
51
244
253
820
512
482
922
438
982
345
142
857
879
705
498
991
316
167
904
402
434
190
471
76
798
535
305
693
144
350
714
990
520
147
561
271
271
643
979
374
374
301
539
345
689
321
900
494
716
281
771
849
725
700
372
133
108
996
864
417
980
978
586
352
378
937
737
675
722
408
112
553
738
217
923
120
590
693
92
440
66
775
725
877
998
824
954
518
514
57
528
785
535
341
599
652
483
187
605
967
168
538
527
182
536
163
323
328
307
333
835
139
506
282
409
93
733
893
88
945
147
906
288
678
405
531
98
291
552
510
55
389
684
26
530
837
809
577
36
865
317
48
345
548
962
887
265
569
676
567
919
808
582
270
201
115
973
848
394
938
824
854
288
227
276
26
891
986
782
216
974
584
136
291
569
53
251
77
61
629
399
48
82
341
278
423
847
103
600
660
716
26
461
302
25
89
76
497
738
64
461
697
779
763
781
524
798
432
60
566
994
226
277
926
311
681
308
57
225
828
615
962
279
533
880
458
694
921
378
997
378
30
405
958
861
942
322
205
701
657
