6754190
8972820
1284311
6635601
2593587
8053610
4593836
2705879
7472310
5667791
6852107
9460549
9116521
7849873
2416864
6213995
1473381
7726061
6461913
1367333
2857839
1443135
8436112
7120031
5529069
7268493
1272438
3394263
2160589
4407189
1367641
3882812
9750098
9524175
1726732
3347815
4100614
3959339
9733105
4535097
5071437
9132505
7272042
9232412
4046095
3538271
8488706
7005698
6139089
4150620
1378636
2352657
8042532
4744401
7740363
4040711
1317857
3833410
3789799
7785314
5673341
8367003
1122948
2528803
5888863
6779394
8827564
4662110
7459050
7968833
1295736
7115632
5639781
1394080
6414181
7591615
3518612
6184012
8822169
1816146
7470203
8732975
5838196
1578531
8678452
5087279
5297733
6290648
1594718
5800542
9828007
3575105
4808651
4462755
3668282
5032750
8682033
9321870
2106754
6272326
7377441
5522769
1279581
7442064
5829496
1714660
1198610
6564699
7525504
9552886
9450137
8970315
1236723
8727384
8352354
6431227
6474508
8847926
8002296
9291572
8103701
9945433
9689143
4465296
1911603
4262407
8292502
5855334
2036790
2688342
3584611
7103738
3427296
2252814
6133862
5725129
4850755
3559170
9594146
2915342
3400287
3964875
5331327
9343878
4413308
2451403
6322617
3141648
6646472
9261469
9398531
7199241
2072686
8383150
1675297
9816285
1535069
7293195
5911179
8608041
8998337
6377664
2879572
3861144
5376333
4130333
8591672
8485473
1150170
9209091
1940645
7898476
1302174
6686962
1446157
4787331
4488331
1952661
6201863
8537635
7876777
9367352
9478063
3042402
2842998
4005682
6389801
7798456
4363082
3571856
5098075
4353698
9698143
2494419
1694491
8440042
6702190
7499091
4088141
4455127
5222359
6196356
6593325
4954589
3903206
9259333
2348651
2912263
2317163
6516793
9475945
6219885
5536007
7545933
2184400
3002379
7673372
4880737
1371860
4354461
6338285
6362780
8817532
7695508
5712733
8240692
7853685
9708280
4004945
7857374
6413065
6302988
8607780
9287118
9366598
3520533
7879524
1235014
1724097
6843979
7389355
1702561
3526735
8385632
6555089
4516182
8041496
2388552
5664455
7421771
1797366
1144539
4791246
2371407
1866660
7790041
9596145
4713680
4032313
3184212
3912872
1297482
5462505
7853499
5772941
5734102
8125888
5329739
4347997
6089673
6569216
6771262
5054734
6217435
8005440
1448921
2864923
2388257
4167289
9069612
8650720
4491981
3329232
8669508
5052942
5464882
9906260
7572028
3615061
5337537
9014217
9531452
8432924
3616955
8588991
3255336
8065835
9034183
7496660
2998010
4100377
7425564
6963676
3895600
2703637
3344749
7471481
1950727
8368938
4320954
6210261
5877786
8162816
5331014
7152195
1364166
8090348
4616947
3436262
3338142
7610094
4338280
9798243
1975538
7561930
3905827
1666009
5367343
9943317
7879387
8565065
4437263
9396901
1506462
7927942
9166886
1820740
5119751
8747776
8349858
4716702
4049960
9253211
4899456
2323417
1306633
3944828
7009179
7727544
1418270
4599273
9228086
2431536
8286208
2202307
4109635
3717771
6076463
9113938
8815086
3442003
2389022
3917969
8759329
2894421
9439952
1783719
1893117
1312587
1236742
1799111
3596205
4515279
5513411
7309717
2201898
7833648
2497933
7972717
6004153
8716921
2810640
4815854
7477332
4726705
7324742
3669305
5493561
3333876
2538358
5393575
3481324
3069469
8209739
8011741
1481820
7246628
8440477
1249723
4647535
9358840
1463992
9504016
5624686
3401724
7226286
5453304
7992431
4472100
7516546
5154525
9262496
2301494
9611592
5610695
9272557
3377659
9569363
3028022
1305344
5168798
2521048
8840201
6074826
6845401
1293156
1595210
5676648
3327901
3258514
3277135
1182776
9684008
6793880
2514759
4027979
8497089
4137812
7394079
7876583
7554438
9840040
7686584
8450793
1292544
2545409
3356441
9562941
8853790
5945972
8959258
4779709
8882408
2923603
2184162
5804528
3331051
6434205
6223985
8335754
2470209
5745434
3489102
8951604
9753081
7463188
1806322
2787322
2198542
4632667
5422044
9755455
6421853
6842177
4848253
3151258
6442263
4629939
5794802
6797897
6669079
7650455
7759095
5253887
5427517
8406757
7705164
4109171
9492553
3175904
9436781
3875437
5843238
7713140
9449409
3670238
6334332
8937259
5826595
1711854
4493955
6904418
7472010
2401468
9098086
5734400
7784319
3748085
1265838
1624318
5764523
1809988
5328610
9746393
3971164
3589924
8887255
1728027
9680500
2526268
7511689
6749343
5946148
3140540
3825023
9020646
7651894
4549230
2021801
1370735
8781997
2127973
4463567
3660722
8407146
6082847
4185051
1971038
5946536
1300882
6845770
4050902
1655298
4536353
7948847
7327073
2943864
9625516
6764778
8539155
5835880
2877009
7767800
5946240
2994485
4908660
6935137
7228610
2801450
5429623
6568190
2953823
4493731
1821945
7350086
1570844
9350947
1216700
5911036
1491488
1997264
3849935
1806823
8802729
7414274
8259143
1781395
4075788
2822190
4282405
7193473
1313224
7795238
6612307
6065076
3270119
4573979
1881056
1930165
4600602
9706771
7890193
6524615
6326738
8200044
5745850
7750466
5338037
2362341
6012592
2473890
9017510
2351116
4333248
1452743
1143366
2142277
9632170
5818797
6925709
2741743
5003063
7408200
3126236
7005661
7112836
6385489
4102525
8448562
1531009
5945866
9388685
9807838
8959169
3315045
3597762
7434298
1736543
2041836
8249260
3088199
1377403
8238822
9014845
2080735
7674703
7241600
6815750
3514036
8365535
9636287
4704685
4660822
7210415
1197856
9871086
9204242
3127874
8509705
7926312
2707158
8201765
5469825
8439244
7210936
7958474
9787337
8155915
9246783
7261907
4252805
3034410
4027362
8136829
8326212
8314666
8684156
3153919
6366965
2625755
8024752
3173920
4432530
3088880
6384176
6479877
4823472
3493783
9643718
1819864
6577212
4122673
7021528
5111921
5982507
6527054
8684353
3745433
9704992
1226511
3326139
5574524
9177065
4943299
9079677
3595349
3194396
1451169
9745690
1293570
9842779
6078020
2735290
7078213
5844167
6272014
5104392
7773850
7893723
7378405
7947400
5737851
8938878
6671565
8422589
1682740
5496285
9547655
5744953
1742734
1850218
2616389
6535232
2084748
8471439
9932742
2045944
2078890
9216388
2119686
2322322
9818652
7992817
5648540
3914421
3212892
8519113
1965200
6250994
2073515
3560214
3190281
3348651
9886176
9637779
4603479
2052414
9243368
5634794
3744723
8871036
4757130
9744783
7913148
9830815
6868192
5945728
2819887
3015899
5802407
5527017
9156644
8857631
8519402
6253415
9907556
3080289
6041153
6682837
5594227
6993260
8088798
1739817
3975671
2052184
6713758
7020524
8754221
9833070
1377422
4982106
2171068
1793225
6701799
5325273
2367713
1229491
6746501
3593407
1591801
3339861
5756943
4792984
8233611
5402574
5009952
4242529
9678209
3034342
2832257
8114113
6376775
3916114
1458021
2527377
9092331
1217792
9765408
4736927
7939499
6839212
3859821
9481604
6665227
4579954
8556022
4523063
7623845
7561025
8775955
9641265
1429775
1575392
3322429
6281931
6467013
9029666
9432841
4295614
4138014
8034929
5233753
2904675
9651849
6914151
3714610
2462872
5594981
6434714
2563658
2891534
9728368
6185799
9369348
7026334
5029411
4722330
9925075
4543650
1260810
4172976
2750454
7708948
4104910
2199339
1649848
5887436
7272385
2908161
6529490
2186032
5632310
9724977
7118230
5123524
5679324
1974787
4453412
5940436
7775295
9829468
8953149
3391851
6062855
7546461
6966132
1464165
6163365
4348724
6508249
8471375
3867378
8289256
2749231
5623707
4449255
6510395
1742312
6138536
6734977
7807816
7224601
1951636
8103088
5084858
8708968
1185920
2764982
2261196
7126428
8173464
7416438
8760790
9911002
7668908
4247532
3689219
9006683
9243269
8896991
3869719
5597745
7696438
1895366
7075668
2813828
5802781
5141984
8091076
6420405
8880955
2007659
7756190
8753297
8481896
2217727
1431537
3707338
7505441
8478336
9084420
7390286
4973260
5389564
5020788
8379041
3932399
8654815
7216137
3056371
7054641
3427671
8268599
1566723
4096953
5884797
2984894
6029538
9645731
6605349
9562214
2227546
5214080
7027628
6824720
9671767
4530227
1341149
4644467
5955813
7102102
7214821
9406310
3080513
3924888
7163135
8756448
1744375
9948495
9318924
9917541
3236718
3794691
4621607
5946650
9822488
4811801
3595730
8362507
7527819
7628976
4549600
4420643
2520462
6837426
6459925
5405029
2599452
1781422
4325418
8694040
6782592
3029622
7449947
5862965
4462432
9093833
1422232
2715136
2936461
4700779
3508237
4220522
6371900
8794419
3703409
5922091
4796019
7340576
1343220
2820280
4790914
8196905
4538400
7983680
2966446
2787155
7697174
4128951
9880912
6873538
2619593
7188194
6324745
4057497
4936672
5479205
9722991
9210523
8401907
2555921
4804333
5906143
7888247
7670095
9467203
5679575
3476287
3288791
9432308
4220549
5987136
8710606
2566295
3764676
7171217
4099085
2780836
7463658
2428053
8651160
6695808
4198179
7480477
3287158
2743180
9040402
6830526
7071176
5854611
2433202
8984161
3315236
7762335
7898166
5517927
9803518
9421657
9199714
5253642
8892741
4416570
3979767
6133969
7807877
8772493
7535381
2661037
1793378
7168249
2954676
3131797
3763687
1746284
3400849
2315302
9821978
2179741
2112557
3271433
6794100
6544776
9618834
6786964
8384906
7035318
7804859
8519517
4960741
5545220
6352204
7008990
8974884
8889581
7653920
8055104
3816636
3615140
3983070
4931274
3724210
5532248
1210800
7784922
6604160
8231491
1648832
1221138
1184466
6577911
6877272
8561305
4829114
3103308
1745402
9119271
6659117
9458621
4114203
4406457
8501706
8465220
7057048
6304168
3714515
6786280
7056000
6260306
7354687
8388658
2735074
1350673
7434051
1671458
9093168
1765981
1853469
4082598
5681146
4719446
3575147
7116305
8954320
8438777
6692441
7030872
1212982
9765333
4952799
2336003
1238456
5860948
2608753
7674513
9586309
7275724
4725409
3336251
6771405
4798403
8169945
1981374
9570951
9206782
4281720
9893596
2905525
9581930
1374545
9220892
2646817
5357169
6373751
1132677
7144815
4315109
7233987
2528278
7730622
5962070
2017585
5201659
1162480
2456079
8027916
3864847
6165702
2427855
3443319
7274131
7567057
5210141
1153263
1339814
9774305
4460596
4526015
3762496
3340948
6938601
1414760
9631727
1557659
3016655
8438168
9404843
6495425
4422858
5733358
4210562
9572957
8829602
6221145
6401915
8851892
8231148
1765873
9488883
8561070
3393236
4931680
1735601
2805497
6591712
4028111
7485532
8768195
5825799
1717136
6203082
5163731
1707189
7203304
3111063
5428827
8229780
7219744
6417223
6667444
7042132
5088043
5580294
5517727
4146724
5505345
6550501
9829940
7350195
7820278
4731412
8609211
8698506
4709666
7443592
5232118
2141860
2414585
3593733
2262898
8746215
7156664
5030275
4895869
2916490
4429143
2322502
9407929
6254811
5926217
2792434
5457431
5861684
3396172
8620099
6604414
7984921
9545179
4245790
1507206
6151884
5867980
7364482
9386854
8092583
7722009
6290480
5462094
9048549
4688360
2689457
6961252
9541455
9241051
5505300
3104845
1532621
8107653
8467573
7860549
6765282
2754702
7492748
3533993
5843486
4904578
3786256
8677813
9518053
9724829
7743399
3024506
9859140
8218709
4420285
3966574
6064424
9564474
1943948
5302469
3981667
8472124
8672131
7064252
4621543
9908419
3237653
9016584
8362317
3205432
7018177
2068909
3661069
1523399
2651615
6127184
6649953
1260637
1958680
9772748
5196810
5015710
4040558
7117208
6345500
6786529
4723671
8321189
7137515
2846001
9475674
1969808
6385266
1931106
3767142
3079297
6903249
1862242
5084149
9513382
2531390
1847924
5334167
2351374
7856881
8688663
7491581
2089886
5253871
1589703
1845494
3476534
3555852
9751633
1615901
9944598
7289608
5870450
6914621
3066559
5236419
6641594
4032431
4510715
3769163
6966542
3667305
2227351
3626233
8829945
5020265
1132797
6144103
4389056
6768796
4482608
7985537
2271010
6170054
4994942
6589153
1617530
5724329
4642773
9065066
6729429
9589499
4528628
6820845
6805443
9919403
9351935
7257630
7261374
4040524
3697305
1337725
2307353
6141878
5155761
1603526
3385483
7580151
3668466
2034659
6858575
8538105
8152428
5313332
6487783
1616267
6249431
8651837
8852820
9044818
2549281
7494189
9588382
9896868
9048229
7942123
6742361
5267908
5685176
5327326
4324764
2131557
9374089
8889717
6433108
6415357
8207408
6622779
5577677
2365849
7226015
4342131
6641311
7353950
9516410
6183363
1213507
5943236
1895384
5125141
6624730
3181785
9387280
4614071
1438739
3019229
1722894
6443812
1612014
1486626
8950653
7272117
2817261
8598305
5167272
3541810
8939448
8813172
5484544
6765075
3718135
3127842
8785303
3164536
1853335
7018665
3935003
3901869
9785449
8237426
1566168
7101813
2554216
7907365
3226345
5734876
4708397
1181015
6595473
8968289
4768490
4268393
2768104
7927585
7411611
9798550
6934903
6080099
7447045
4762437
2883298
8662489
2044696
3070145
9933393
3842960
2366592
7204678
7379072
4401110
1283009
7011651
4383909
6274278
5633131
5288768
9023663
8751313
9397445
8257068
6081837
1131519
7601327
2674508
9382228
7861254
8526523
5975880
6633778
1294076
3263792
2376599
3291472
9243846
2430133
2043971
7671078
4884671
5121020
3273361
7391236
4881508
2943148
2052949
6419122
7927934
3378766
6199545
1386727
3138042
8689068
5345001
5111258
3908321
7550327
9555976
3696076
6897592
3358816
8756810
2129285
7524967
1175060
8052978
5366105
5636248
1785080
4399154
5104201
7201682
4043141
9135486
9610733
6394483
5357732
5935548
5948998
5449238
1497612
6213628
4266828
8083091
7337936
2116488
8600228
8995713
3128657
9189773
3850165
3102691
9004400
4572728
7093216
5831869
8304546
2622113
3936616
7646854
5094603
7976929
3634069
8109701
9109822
9157079
5310030
5500958
7418277
3097129
2915363
7803013
8159598
6810953
8327487
4632350
6024284
1850002
1466087
6159373
4796810
9112938
4579896
2026686
7049158
2650017
2183531
2494005
2849171
7037295
3452351
6333862
9784856
9784643
3671968
5430935
6656938
3428007
7733289
2501848
8704267
2242172
8734333
5669663
8774240
1493559
2550638
5017783
3469739
7964904
4566026
3849153
1509090
4018410
5166695
6196177
5043847
8034531
8735988
3595291
7477261
5386668
1192614
5949762
4963765
9226511
4311962
5714259
3567683
5577362
7169498
5721451
4855665
1349368
6624079
5512431
7924733
6233589
7515330
8609089
2335493
2885796
3181680
1686569
9826472
2596294
4306480
8603267
5476234
9602691
9546495
4010267
3713436
8292407
7364890
4087104
4161933
9076496
1830073
1287389
1756194
4310551
2873681
9384688
7065834
6466125
8260632
6451980
4222913
5402601
6974026
8646236
8004269
5676185
6746816
1175452
6272249
5385817
9287230
6668726
6420772
1514796
4113070
1250596
9001171
8298960
9410965
7192802
4959618
9233945
2982363
9931653
8388230
8593171
8659918
4541851
5400279
2463727
8638387
9820367
1562949
1409393
8143475
4756430
6308443
8901188
9473965
1406942
4853148
2517892
6933486
1551219
3378135
1994347
5345642
6268928
2643444
7076049
7209256
9626351
9619601
9416101
7393108
5845226
3519760
3784665
4739567
8832352
9866029
5034881
1989585
2706356
3416612
3909773
1639182
3657392
3036978
3030587
9090152
5238770
7689340
4934804
2311375
3635215
7136773
2803571
4765474
9583806
7855458
6904961
8279861
6442436
7819318
6650454
4457569
8430102
3731645
9715572
2231022
8330355
2073984
7367835
7143185
7041721
8289223
7359534
7656556
8145499
4228264
3027543
7235580
6851909
8553116
1444794
8331484
8920926
8576461
3121776
2987191
8880831
7518082
6018308
5859965
2421836
3694435
7059023
8092516
9482967
4601034
9905582
2386092
9261439
2673978
9438504
8001951
5880359
9257834
1554831
5835310
1661711
7905319
5383140
6621181
7351818
3654847
3130569
9190972
5542366
1295755
5543798
8243766
3399713
3731434
3022852
8931351
9171587
2217985
8802325
3570770
9897612
9637498
6442358
3212512
8181909
9260986
7739146
7938090
5311299
5487330
2861619
2474532
8514478
5492815
2587491
3454235
5849886
3663916
8479136
9659242
8430941
1391525
6078152
7015508
6435501
4680076
8094271
6178272
1698747
9543043
9329273
4434836
8276182
6030754
3258961
2432928
1215440
2056435
8764205
3379400
1550342
1548395
5112988
4472061
8020994
5063154
2246494
8873044
4273135
1542300
3885924
6065749
5791243
4024027
7166407
6053168
8491898
3373960
2105507
5201393
2289866
4362669
2953007
1690082
8226965
2870073
1555309
6559751
5984207
2312740
3513875
5706468
9619508
3310530
7711882
2761254
2833298
5330436
8174542
1441803
3372035
3463561
4674842
7351747
1359095
2743456
2328009
1268475
5986645
3677943
6281168
5404113
9956248
2803819
8721804
2955457
9543364
2675144
3942580
6634555
9260004
8058533
3738191
7208570
4883966
3832573
2211765
9599047
6135090
5873524
1688473
9744910
8563392
6030900
4623787
2997539
2890350
8284596
9360033
